tree
version=v4
num_class=1
num_tree_per_iteration=1
label_index=0
max_feature_idx=7
objective=regression
feature_names=Column_0 Column_1 Column_2 Column_3 Column_4 Column_5 Column_6 Column_7
feature_infos=[7:1415] [0.59999999999999998:1] [16000:65536] [0:24192] [5:72] [0:1] [8509:32607] [15:8189]
tree_sizes=1322 1377 1378 1368 1372 1376 1371 1367 1373 1384 1385 1390 1374 1396 1382 1385 1384 1388 1393 1381 1391 1383 1388 1395 1393 1397 1380 1395 1388 1390 1393 1397 1387 1389 1394 1384 1384 1388 1399 1396 1390 1389 1390 1398

Tree=0
num_leaves=15
num_cat=0
split_feature=0 0 0 5 1 1 3 6 1 6 3 6 5 6
split_gain=7812.27 1884.43 1694.96 773.093 394.939 308.692 239.862 178.504 164.015 151.502 150.52 141.225 122.739 162.07
threshold=201.50000000000003 74.500000000000014 384.50000000000006 1.0000000180025095e-35 0.65000000000000002 0.84500000000000008 6080.0000000000009 15758.500000000002 0.84500000000000008 24809.500000000004 8032.0000000000009 29209.500000000004 1.0000000180025095e-35 21355.000000000004
decision_type=2 2 2 2 2 2 2 2 2 2 2 2 2 2
left_child=1 3 6 4 -1 -5 -2 -6 -3 10 -9 -7 13 -10
right_child=2 8 -4 5 7 11 -8 9 12 -11 -12 -13 -14 -15
leaf_value=9.8282820328999509 10.113891833793426 9.9831257427465268 10.73690468001405 9.9864330426354808 9.5605394397528087 9.7574352875778736 10.333332146138344 9.6713205301588001 9.7443258027117317 9.6134259764773642 9.8323345103097477 9.9046264155511015 9.9464757927489806 9.9017809912999777
leaf_weight=32 33 68 20 23 53 88 20 47 26 63 21 20 49 44
leaf_count=32 33 68 20 23 53 88 20 47 26 63 21 20 49 44
internal_value=9.85955 9.79323 10.3447 9.72428 9.66616 9.82011 10.1967 9.63796 9.92118 9.66929 9.72105 9.78469 9.88578 9.8433
internal_weight=607 534 73 347 216 131 53 184 187 131 68 108 119 70
internal_count=607 534 73 347 216 131 53 184 187 131 68 108 119 70
is_linear=0
shrinkage=1


Tree=1
num_leaves=15
num_cat=0
split_feature=5 6 1 4 1 3 4 6 6 6 6 4 6 6
split_gain=1576 804.254 644.203 396.476 390.64 473.307 199.875 171.384 151.46 259.402 233.541 136.352 119.98 111.063
threshold=1.0000000180025095e-35 15294.000000000002 0.65000000000000002 26.500000000000004 0.84500000000000008 19840.000000000004 18.500000000000004 25941.000000000004 20373.500000000004 25224.500000000004 27757.500000000004 18.500000000000004 21979.000000000004 24743.000000000004
decision_type=2 2 2 2 2 2 2 2 2 2 2 2 2 2
left_child=1 6 11 12 7 8 -1 -2 -6 -10 -11 -3 -4 -5
right_child=4 2 3 13 5 -7 -8 -9 9 10 -12 -13 -14 -15
leaf_value=-0.30595519266301591 0.25960317341338274 0.0538434310904089 -0.080073230149778171 0.046426265612624744 0.10357860299603393 0.27740778950127692 -0.1430775796994567 0.085992496034928742 -0.098439020368942004 0.20202285075560211 -0.0033236484477917358 0.19962607090887818 -0.19652234616604719 -0.052314062613774748
leaf_weight=31 44 53 37 49 48 22 48 21 43 20 45 23 55 68
leaf_count=31 44 53 37 49 48 22 48 21 43 20 45 23 55 68
internal_value=3.32839e-10 -0.0658273 -0.0266976 -0.0720283 0.0986055 0.0602964 -0.206992 0.203514 0.0296781 -0.00316653 0.0598599 0.0979619 -0.14969 -0.0109613
internal_weight=607 364 285 209 243 178 79 65 156 108 65 76 92 117
internal_count=607 364 285 209 243 178 79 65 156 108 65 76 92 117
is_linear=0
shrinkage=0.05


Tree=2
num_leaves=15
num_cat=0
split_feature=0 0 0 1 5 0 3 1 4 0 4 0 5 3
split_gain=6938.86 1625.07 1529.75 619.013 468.449 435.688 223.313 125.017 139 112.225 215.116 112.173 94.832 92.9074
threshold=201.50000000000003 74.500000000000014 384.50000000000006 0.84500000000000008 1.0000000180025095e-35 45.500000000000007 6080.0000000000009 0.84500000000000008 17.500000000000004 49.500000000000007 39.500000000000007 42.500000000000007 1.0000000180025095e-35 6080.0000000000009
decision_type=2 2 2 2 2 2 2 2 2 2 2 2 2 2
left_child=1 3 6 5 11 -1 -2 8 -3 10 -6 13 -9 -5
right_child=2 7 -4 4 9 -7 -8 12 -10 -11 -12 -13 -14 -15
leaf_value=0.16516160342310157 0.23672052965019691 0.04299677403436767 0.82982301354408272 -0.29032645814948616 -0.093605923399012136 -0.11376744051064765 0.44845588888972998 -0.011935410736394781 0.18621750390157105 -0.13970752323162744 0.098881552191007707 -0.15244550726404696 0.078757597414814695 -0.19874331749354801
leaf_weight=28 33 36 20 45 47 28 20 70 32 40 21 66 49 72
leaf_count=28 33 36 20 45 47 28 20 70 32 40 21 66 49 72
internal_value=-1.45222e-10 -0.0625044 0.457224 -0.126536 -0.155831 0.0256971 0.316621 0.0563128 0.110395 -0.0732525 -0.0341613 -0.204566 0.0254088 -0.233968
internal_weight=607 534 73 347 291 56 53 187 68 108 68 183 119 117
internal_count=607 534 73 347 291 56 53 187 68 108 68 183 119 117
is_linear=0
shrinkage=0.05


Tree=3
num_leaves=15
num_cat=0
split_feature=0 0 0 1 0 7 3 0 7 7 0 0 0 0
split_gain=6262.33 1466.62 1380.6 558.66 393.208 309.561 268.559 167.538 128.387 164.025 377.619 129.628 120.539 147.309
threshold=201.50000000000003 74.500000000000014 384.50000000000006 0.84500000000000008 45.500000000000007 3874.0000000000005 19840.000000000004 24.500000000000004 6083.5000000000009 2899.5000000000005 34.500000000000007 56.500000000000007 81.500000000000014 124.50000000000001
decision_type=2 2 2 2 2 2 2 2 2 2 2 2 2 2
left_child=1 3 5 4 -1 -2 7 -5 9 -9 -11 -12 -3 -14
right_child=2 12 -4 6 -6 -7 -8 8 -10 10 11 -13 13 -15
leaf_value=0.15690353074959215 0.42393001740655073 0.15811383983430763 0.78833187937736515 -0.24722772798639664 -0.10807906857558661 0.18221000452284461 0.024193075441178824 -0.17333826884627343 -0.22328610127655471 0.1078622429143815 -0.18641362762586638 -0.047245215845328793 -0.0074398710096583651 0.087713083300070882
leaf_weight=28 26 24 20 47 28 27 21 90 41 21 44 27 85 78
leaf_count=28 26 24 20 47 28 27 21 90 41 21 44 27 85 78
internal_value=6.57258e-10 -0.0593792 0.434363 -0.120209 0.0244122 0.30079 -0.14804 -0.161436 -0.143354 -0.125347 -0.0783991 -0.13349 0.0534971 0.0380934
internal_weight=607 534 73 347 56 53 291 270 223 182 92 71 187 163
internal_count=607 534 73 347 56 53 291 270 223 182 92 71 187 163
is_linear=0
shrinkage=0.05


Tree=4
num_leaves=15
num_cat=0
split_feature=0 0 0 1 0 3 3 0 1 4 0 0 0 6
split_gain=5651.75 1323.63 1245.99 504.19 354.871 242.375 201.174 151.203 113.557 124.249 87.9877 74.679 114.238 76.3383
threshold=201.50000000000003 74.500000000000014 384.50000000000006 0.84500000000000008 45.500000000000007 19840.000000000004 6080.0000000000009 24.500000000000004 0.84500000000000008 17.500000000000004 29.500000000000004 42.500000000000007 34.500000000000007 25014.000000000004
decision_type=2 2 2 2 2 2 2 2 2 2 2 2 2 2
left_child=1 3 6 4 -1 7 -2 -5 9 -3 -9 12 -12 -13
right_child=2 8 -4 5 -6 -7 -8 10 -10 -11 11 13 -14 -15
leaf_value=0.14905835209148272 0.20991412769777307 0.038644549209210614 0.74891528099775317 -0.23486634283623797 -0.10267511499779565 0.022983422165825256 0.41087959312833844 -0.043571416086152844 0.021368767352414733 0.17405243725515904 -0.11679122561500187 -0.080798458606004722 -0.22673989986931839 -0.16750583711678205
leaf_weight=28 33 36 20 47 28 21 20 23 119 32 42 60 54 44
leaf_count=28 33 36 20 47 28 21 20 23 119 32 42 60 54 44
internal_value=2.92803e-10 -0.0564102 0.412645 -0.114198 0.0231916 -0.140638 0.28575 -0.153364 0.0508223 0.102366 -0.136186 -0.146837 -0.178637 -0.117482
internal_weight=607 534 73 347 56 291 53 270 187 68 223 200 96 104
internal_count=607 534 73 347 56 291 53 270 187 68 223 200 96 104
is_linear=0
shrinkage=0.05


Tree=5
num_leaves=15
num_cat=0
split_feature=5 4 1 3 7 6 7 1 7 3 6 6 4 6
split_gain=1201.38 608.959 472.604 334.384 290.868 289.628 284.924 263.359 442.718 274.26 257.268 256.865 177.279 165.192
threshold=1.0000000180025095e-35 6.5000000000000009 0.65000000000000002 16992.000000000004 2538.5000000000005 25134.000000000004 2561.5000000000005 0.84500000000000008 4460.0000000000009 15104.000000000002 22678.000000000004 19934.500000000004 17.500000000000004 25941.000000000004
decision_type=2 2 2 2 2 2 2 2 2 2 2 2 2 2
left_child=1 -1 6 -4 -5 -6 -3 13 9 11 -11 -9 -8 -2
right_child=7 2 3 4 5 -7 12 8 -10 10 -12 -13 -14 -15
leaf_value=-0.25268233476413621 0.22729714875194162 0.21279508446653686 -0.11813564120061898 0.16588371878578551 0.059440112341609265 -0.13491355133492774 -0.068133000442475986 0.16356195027629536 -0.061750996166041919 0.069601656161248679 0.30812998070166664 -0.024495057421533961 0.10838383355736732 0.056851743445509965
leaf_weight=36 44 24 148 21 36 41 33 30 56 20 26 46 25 21
leaf_count=36 44 24 148 21 36 41 33 30 56 20 26 46 25 21
internal_value=4.89136e-10 -0.0574736 -0.0360483 -0.0706997 0.00093823 -0.0440469 0.067906 0.0860922 0.0546373 0.108061 0.204422 0.049738 0.00795184 0.17223
internal_weight=607 364 328 246 98 77 82 243 178 122 46 76 58 65
internal_count=607 364 328 246 98 77 82 243 178 122 46 76 58 65
is_linear=0
shrinkage=0.05


Tree=6
num_leaves=15
num_cat=0
split_feature=0 0 0 5 7 1 0 6 6 7 7 7 0 0
split_gain=4987.45 1147.87 1115.52 462.019 261.944 229.568 183.319 117.124 134.9 115.812 121.012 114.553 108.831 131.427
threshold=201.50000000000003 74.500000000000014 384.50000000000006 1.0000000180025095e-35 3874.0000000000005 0.65000000000000002 49.500000000000007 15758.500000000002 24809.500000000004 4848.5000000000009 2594.0000000000005 3411.5000000000005 81.500000000000014 124.50000000000001
decision_type=2 2 2 2 2 2 2 2 2 2 2 2 2 2
left_child=1 3 4 5 -2 -1 9 -7 11 10 -5 -9 -3 -14
right_child=2 12 -4 6 -6 7 -8 8 -10 -11 -12 -13 13 -15
leaf_value=-0.028132912144064905 0.38084309522349102 0.14627436005199951 0.70581416755914694 -0.010068381533903235 0.15848981627711545 -0.23594977324301342 -0.1131241745275 -0.16203637966087889 -0.20057319187455708 -0.074750248259968233 0.1365720521658659 -0.032188016085913686 -0.01077715022598996 0.079099858943850576
leaf_weight=32 26 24 20 34 27 53 46 35 63 27 24 33 85 78
leaf_count=32 26 24 20 34 27 53 46 35 63 27 24 33 85 78
internal_value=3.41229e-10 -0.0529914 0.387636 -0.106806 0.267569 -0.151737 -0.0327219 -0.173233 -0.147859 0.01079 0.0506104 -0.0990217 0.046868 0.0322315
internal_weight=607 534 73 347 53 216 131 184 131 85 58 68 187 163
internal_count=607 534 73 347 53 216 131 184 131 85 58 68 187 163
is_linear=0
shrinkage=0.05


Tree=7
num_leaves=15
num_cat=0
split_feature=1 3 7 7 7 4 6 7 7 7 7 6 6 6
split_gain=696.585 521.425 583.284 234.668 190.24 185.155 233.539 144.433 139.383 136.291 124.355 118.358 63.6609 48.4076
threshold=0.84500000000000008 15104.000000000002 4714.5000000000009 1166.5000000000002 584.00000000000011 17.500000000000004 24732.500000000004 5961.0000000000009 4303.0000000000009 5131.5000000000009 2498.0000000000005 24891.500000000004 18179.500000000004 22612.000000000004
decision_type=2 2 2 2 2 2 2 2 2 2 2 2 2 2
left_child=5 4 3 -3 -2 7 12 8 -1 13 -5 -4 -7 -6
right_child=1 2 11 10 9 6 -8 -9 -10 -11 -12 -13 -14 -15
leaf_value=0.05904956563659336 -0.18878237208531751 0.23978726725126137 0.017664106419453256 -0.02794281618500298 -0.011566152908269643 0.28548000621653741 0.058420751941238726 0.12821393770476183 -0.121431078389287 -0.11385335821266239 0.1182118837396766 -0.11580165852995024 0.16377187208695845 -0.063781722496526361
leaf_weight=23 31 29 26 22 103 21 43 24 20 76 43 46 22 78
leaf_count=23 31 29 26 22 103 21 43 24 20 76 43 46 22 78
internal_value=5.21663e-12 -0.0310943 0.0394855 0.121513 -0.0717757 0.0922667 0.140816 0.02995 -0.0248949 -0.057662 0.0687441 -0.0676057 0.223211 -0.0340679
internal_weight=607 454 166 94 288 153 86 67 43 257 65 72 43 181
internal_count=607 454 166 94 288 153 86 67 43 257 65 72 43 181
is_linear=0
shrinkage=0.05


Tree=8
num_leaves=15
num_cat=0
split_feature=0 0 0 1 7 7 3 0 7 7 0 0 0 0
split_gain=4428.85 1013.97 1002.31 344.041 305.373 228.154 190.44 125.948 100.468 146.929 323.472 113.809 98.3302 114.934
threshold=201.50000000000003 74.500000000000014 384.50000000000006 0.84500000000000008 2899.5000000000005 3874.0000000000005 19840.000000000004 24.500000000000004 6083.5000000000009 2899.5000000000005 34.500000000000007 56.500000000000007 81.500000000000014 124.50000000000001
decision_type=2 2 2 2 2 2 2 2 2 2 2 2 2 2
left_child=1 3 5 4 -1 -2 7 -5 9 -9 -11 -12 -3 -14
right_child=2 12 -4 6 -6 -7 -8 8 -10 10 11 -13 13 -15
leaf_value=0.16962582029402257 0.3571883273955721 0.13840784182151158 0.66688508840277794 -0.20802073473943042 -0.074050426690114871 0.14967125088528352 0.022680770499365673 -0.14745028028885523 -0.18866671785348799 0.11479597829637074 -0.15817266506227581 -0.027772049329898976 -0.010213191073168726 0.073835588389864343
leaf_weight=20 26 24 20 47 36 27 21 90 41 21 44 27 85 78
leaf_count=20 26 24 20 47 36 27 21 90 41 21 44 27 85 78
internal_value=-1.72149e-10 -0.0499358 0.365284 -0.100515 0.0129768 0.251472 -0.122355 -0.133635 -0.117958 -0.102029 -0.0575949 -0.108584 0.0439189 0.0300065
internal_weight=607 534 73 347 56 53 291 270 223 182 92 71 187 163
internal_count=607 534 73 347 56 53 291 270 223 182 92 71 187 163
is_linear=0
shrinkage=0.05


Tree=9
num_leaves=15
num_cat=0
split_feature=0 0 0 5 7 1 0 0 5 0 4 4 0 1
split_gain=3997.04 915.11 904.587 395.615 205.909 168.323 163.512 88.743 120.036 190.939 90.2365 73.2021 52.6936 48.8633
threshold=201.50000000000003 74.500000000000014 384.50000000000006 1.0000000180025095e-35 3874.0000000000005 0.65000000000000002 32.500000000000007 81.500000000000014 1.0000000180025095e-35 143.00000000000003 17.500000000000004 19.500000000000004 49.500000000000007 0.84500000000000008
decision_type=2 2 2 2 2 2 2 2 2 2 2 2 2 2
left_child=1 3 4 5 -2 -1 -5 -3 9 13 -10 -7 -8 -9
right_child=2 7 -4 6 -6 11 12 8 10 -11 -12 -13 -14 -15
leaf_value=-0.031225924007594587 0.3393289114993352 0.13148744851350785 0.63354083493351943 0.054381692693347028 0.14218769132815026 -0.22692586958408356 -0.025516709616017898 -0.00079880319535732271 0.0021970161547263463 0.092383973510004588 0.12321744316181732 -0.14155300804580162 -0.10250609327593577 -0.09104230803437531
leaf_weight=32 26 24 20 42 27 30 43 24 24 32 43 154 46 40
leaf_count=32 26 24 20 42 27 30 43 24 24 32 43 154 46 40
internal_value=3.62249e-10 -0.047439 0.34702 -0.0954889 0.238898 -0.137066 -0.0269349 0.041723 0.0285061 -0.00733934 0.0798668 -0.155472 -0.065309 -0.057201
internal_weight=607 534 73 347 53 216 131 187 163 96 67 184 89 64
internal_count=607 534 73 347 53 216 131 187 163 96 67 184 89 64
is_linear=0
shrinkage=0.05


Tree=10
num_leaves=15
num_cat=0
split_feature=0 0 0 5 5 6 6 1 0 6 3 0 6 6
split_gain=3641.37 1100.22 464.027 357.042 184.927 177.139 153.901 158.365 147.569 123.012 90.0867 87.1297 88.75 86.7821
threshold=249.50000000000003 74.500000000000014 384.50000000000006 1.0000000180025095e-35 1.0000000180025095e-35 27757.500000000004 15758.500000000002 0.65000000000000002 32.500000000000007 24809.500000000004 8032.0000000000009 143.00000000000003 22219.500000000004 17605.000000000004
decision_type=2 2 2 2 2 2 2 2 2 2 2 2 2 2
left_child=1 3 -2 6 11 -6 -1 -8 -5 10 -9 -3 -13 -10
right_child=2 4 -4 8 5 -7 7 9 13 -11 -12 12 -14 -15
leaf_value=-0.19672862013741849 0.28653157159153902 -0.017505668227871262 0.6018637931346893 0.051662606071858179 0.15260288196550392 -0.0091800368350485103 0.017574157663013623 -0.11651081639401457 0.024118540706959637 -0.17501622074180179 0.008054226069223314 -0.011155717540532351 0.12780954770881822 -0.090335548791422776
leaf_weight=62 28 78 20 42 64 23 23 47 22 63 21 20 27 67
leaf_count=62 28 78 20 42 64 23 23 47 22 63 21 20 27 67
internal_value=1.7913e-11 -0.0358858 0.41792 -0.0907144 0.0538573 0.109833 -0.130212 -0.103433 -0.0255881 -0.124679 -0.0780422 0.0148984 0.0686754 -0.0620435
internal_weight=607 559 48 347 212 87 216 154 131 131 68 125 47 89
internal_count=607 559 48 347 212 87 216 154 131 131 68 125 47 89
is_linear=0
shrinkage=0.05


Tree=11
num_leaves=15
num_cat=0
split_feature=0 0 0 5 5 6 0 1 7 7 6 6 7 0
split_gain=3286.33 992.95 418.785 322.231 166.896 159.868 140.134 138.977 97.3627 99.0398 87.9089 111.541 117.979 78.6345
threshold=249.50000000000003 74.500000000000014 384.50000000000006 1.0000000180025095e-35 1.0000000180025095e-35 27757.500000000004 49.500000000000007 0.65000000000000002 4848.5000000000009 2594.0000000000005 15758.500000000002 25134.000000000004 3411.5000000000005 143.00000000000003
decision_type=2 2 2 2 2 2 2 2 2 2 2 2 2 2
left_child=1 3 -2 7 13 -6 8 -1 9 -5 -9 12 -12 -3
right_child=2 4 -4 6 5 -7 -8 10 -10 -11 11 -13 -14 -15
leaf_value=-0.027529703080654146 0.27220499499567918 -0.016630384287773036 0.57177060529589652 -0.0046488224145244152 0.14497273676097394 -0.0087210341316202415 -0.094605703878661865 -0.19476169969113369 -0.06469687549052415 0.12801232685645422 -0.13832315104572399 -0.17020525695948766 -0.0110874970470156 0.065241623245813743
leaf_weight=32 28 78 20 34 64 23 46 53 27 24 38 58 35 47
leaf_count=32 28 78 20 34 64 23 46 53 27 24 38 58 35 47
internal_value=-1.72763e-10 -0.0340915 0.397024 -0.0861787 0.0511644 0.104341 -0.0243087 -0.123702 0.0137344 0.0502454 -0.140427 -0.118445 -0.0773198 0.0141535
internal_weight=607 559 48 347 212 87 131 216 85 58 184 131 73 125
internal_count=607 559 48 347 212 87 131 216 85 58 184 131 73 125
is_linear=0
shrinkage=0.05


Tree=12
num_leaves=15
num_cat=0
split_feature=0 0 0 7 4 2 7 3 0 0 0 0 7 7
split_gain=2990.62 660.942 650.724 189.144 187.104 315.363 198.631 173.111 87.0658 86.7824 75.1268 70.6962 96.173 101.732
threshold=201.50000000000003 74.500000000000014 384.50000000000006 3440.5000000000005 16.500000000000004 32384.000000000004 3274.5000000000005 19840.000000000004 81.500000000000014 124.50000000000001 156.00000000000003 24.500000000000004 6083.5000000000009 2899.5000000000005
decision_type=2 2 2 2 2 2 2 2 2 2 2 2 2 2
left_child=1 4 3 -2 -1 6 -6 11 -3 -10 -11 -7 13 -13
right_child=2 8 -4 -5 5 7 -8 -9 9 10 -12 12 -14 -15
leaf_value=-0.16931910090721572 0.30842829313874248 0.12365267537534237 0.54318206876516351 0.11921367763591531 0.17228675015270711 -0.16428035755415221 -0.037303572148084642 0.052395353764295584 -0.013299437401925816 0.11007939683959674 0.011906205079285428 -0.1142714185974537 -0.16944506879775756 -0.034742457392704061
leaf_weight=52 25 24 20 28 20 37 26 20 85 38 40 78 31 83
leaf_count=52 25 24 20 28 20 37 26 20 85 38 40 78 31 83
internal_value=-5.04402e-11 -0.0410343 0.300169 0.208466 -0.0818698 -0.066455 0.0538227 -0.0886749 0.0347405 0.0216492 0.0597342 -0.100995 -0.0888 -0.073272
internal_weight=607 534 73 53 347 295 46 249 187 163 78 229 192 161
internal_count=607 534 73 53 347 295 46 249 187 163 78 229 192 161
is_linear=0
shrinkage=0.05


Tree=13
num_leaves=15
num_cat=0
split_feature=0 0 0 5 5 6 6 6 6 6 0 1 0 6
split_gain=2708.12 802.588 332.103 281.163 149.878 144.079 126.631 167.565 120.558 130.979 102.968 98.8717 65.1465 78.1232
threshold=249.50000000000003 74.500000000000014 384.50000000000006 1.0000000180025095e-35 1.0000000180025095e-35 27757.500000000004 13777.000000000002 29209.500000000004 15758.500000000002 26248.000000000004 32.500000000000007 0.84500000000000008 143.00000000000003 22219.500000000004
decision_type=2 2 2 2 2 2 2 2 2 2 2 2 2 2
left_child=1 3 -2 8 12 -6 -5 10 -1 11 -8 -10 -3 -14
right_child=2 4 -4 6 5 -7 7 -9 9 -11 -12 -13 13 -15
leaf_value=-0.17169825184729792 0.24925522393147861 -0.017391107384210978 0.51602297514677054 0.092526585786115556 0.13466732061642689 -0.011239587159260461 0.0048268119836675713 0.081960444761948151 0.041679881513118744 -0.15870008956878745 -0.11023676692176675 -0.081608813675655714 -0.017770143987145277 0.11261014894202903
leaf_weight=62 28 78 20 21 64 23 29 22 20 47 59 87 20 27
leaf_count=62 28 78 20 21 64 23 29 22 20 47 59 87 20 27
internal_value=-7.38767e-11 -0.0309474 0.360408 -0.0777763 0.0457017 0.0960942 -0.0199832 -0.0414624 -0.112827 -0.0891252 -0.0723181 -0.0585642 0.0106285 0.0571292
internal_weight=607 559 48 347 212 87 131 110 216 154 88 107 125 47
internal_count=607 559 48 347 212 87 131 110 216 154 88 107 125 47
is_linear=0
shrinkage=0.05


Tree=14
num_leaves=15
num_cat=0
split_feature=0 0 0 5 1 4 1 0 4 0 0 5 6 0
split_gain=2458.5 533.343 523.972 253.75 182.346 127.118 204.838 124.267 187.49 81.706 74.1318 92.9111 73.964 68.8148
threshold=201.50000000000003 74.500000000000014 384.50000000000006 1.0000000180025095e-35 0.84500000000000008 16.500000000000004 0.65000000000000002 49.500000000000007 39.500000000000007 81.500000000000014 124.50000000000001 1.0000000180025095e-35 19934.500000000004 156.00000000000003
decision_type=2 2 2 2 2 2 2 2 2 2 2 2 2 2
left_child=1 3 4 5 -2 -1 -7 8 12 -3 11 -11 -5 -12
right_child=2 9 -4 7 -6 6 -8 -9 -10 10 13 -13 -14 -15
leaf_value=-0.18890004341418928 0.09535892256177389 0.11699554872078199 0.49022181913256646 0.035826959299004597 0.28087756727580676 0.050002361639686257 -0.10996746379253153 -0.085181802025307785 0.12567878794614915 -0.056801842342989121 0.1015652715669651 0.04990412283907919 -0.079597088939377239 0.0076066974410787221
leaf_weight=39 26 24 20 23 27 23 154 46 27 51 38 34 35 40
leaf_count=39 26 24 20 23 27 23 154 46 27 51 38 34 35 40
internal_value=-2.93052e-10 -0.037205 0.272157 -0.0738875 0.189868 -0.107185 -0.0891804 -0.0189841 0.0168406 0.0308636 0.0181816 -0.0141195 -0.0338255 0.0533814
internal_weight=607 534 73 347 53 216 177 131 85 187 163 85 58 78
internal_count=607 534 73 347 53 216 177 131 85 187 163 85 58 78
is_linear=0
shrinkage=0.05


Tree=15
num_leaves=15
num_cat=0
split_feature=0 0 0 2 4 2 3 7 0 0 7 7 0 4
split_gain=2222.45 657.187 265.797 194.942 133.013 124.862 139.099 120.32 116.885 56.8522 84.7794 125.454 217.827 93.7656
threshold=249.50000000000003 78.500000000000014 384.50000000000006 23192.000000000004 6.5000000000000009 32384.000000000004 19840.000000000004 667.50000000000011 85.500000000000014 21.500000000000004 5252.5000000000009 2899.5000000000005 37.500000000000007 26.500000000000004
decision_type=2 2 2 2 2 2 2 2 2 2 2 2 2 2
left_child=1 3 -2 -1 -5 -6 9 -3 -9 -7 11 13 -13 -11
right_child=2 7 -4 4 5 6 -8 8 -10 10 -12 12 -14 -15
leaf_value=0.06087213268986455 0.22705526845529678 0.16119424507021907 0.46571073286235337 -0.16958521000213095 0.019474614390896428 -0.15629700710033548 0.043539922861825855 0.14580811806023122 0.017556903410063027 -0.06679527905258921 -0.13635574118146357 0.12207810302664127 -0.072267641872167596 -0.17571776329443373
leaf_weight=27 28 20 20 36 36 29 21 20 159 62 53 21 46 29
leaf_count=27 28 20 20 36 36 29 21 20 159 62 53 21 46 29
internal_value=5.13407e-10 -0.0280354 0.326495 -0.0683427 -0.0788195 -0.0678176 -0.0798579 0.0448824 0.0318866 -0.0906553 -0.0816334 -0.0632772 -0.0113533 -0.101507
internal_weight=607 559 48 360 333 297 261 199 179 240 211 158 67 91
internal_count=607 559 48 360 333 297 261 199 179 240 211 158 67 91
is_linear=0
shrinkage=0.05


Tree=16
num_leaves=15
num_cat=0
split_feature=0 0 0 5 7 6 6 4 1 0 1 4 6 4
split_gain=2028.59 430.708 419.878 221.963 173.801 112.803 160.927 107.106 171.044 96.7713 74.6135 89.5157 60.224 97.1059
threshold=201.50000000000003 74.500000000000014 384.50000000000006 1.0000000180025095e-35 3440.5000000000005 16500.000000000004 29209.500000000004 16.500000000000004 0.65000000000000002 32.500000000000007 0.84500000000000008 17.500000000000004 25224.500000000004 39.500000000000007
decision_type=2 2 2 2 2 2 2 2 2 2 2 2 2 2
left_child=1 3 4 7 -2 -5 9 -1 -9 -7 11 -3 13 -10
right_child=2 10 -4 5 -6 6 -8 8 12 -11 -12 -13 -14 -15
leaf_value=-0.17291040153075488 0.26937924155592924 0.015067889375819099 0.44242519229650501 0.071604485141819926 0.088000890878694393 0.010916441803177197 0.07961137978868052 0.045808558619540668 -0.10508217342001827 -0.10908560260598149 0.003498835789681483 0.13000171915628017 -0.14292084566420979 0.010284503300984701
leaf_weight=39 25 36 20 29 28 24 22 23 76 56 119 32 54 24
leaf_count=39 25 36 20 29 28 24 22 23 76 56 119 32 54 24
internal_value=3.7437e-11 -0.0337959 0.247219 -0.0667604 0.173557 -0.0154108 -0.0401505 -0.097903 -0.081376 -0.073085 0.0273736 0.0691544 -0.100371 -0.0773942
internal_weight=607 534 73 347 53 131 102 216 177 80 187 68 154 100
internal_count=607 534 73 347 53 131 102 216 177 80 187 68 154 100
is_linear=0
shrinkage=0.05


Tree=17
num_leaves=15
num_cat=0
split_feature=0 0 5 0 6 6 1 7 3 0 5 3 3 0
split_gain=1832.82 533.231 228.912 210.215 140.756 133.267 108.794 108.329 293.695 78.1901 73.4472 157.09 115.966 67.7834
threshold=249.50000000000003 78.500000000000014 1.0000000180025095e-35 384.50000000000006 13777.000000000002 25752.500000000004 0.65000000000000002 2561.5000000000005 11968.000000000002 43.500000000000007 1.0000000180025095e-35 288.00000000000006 288.00000000000006 34.500000000000007
decision_type=2 2 2 2 2 2 2 2 2 2 2 2 2 2
left_child=1 2 6 -2 -4 13 -1 8 -3 -7 11 -9 -12 -6
right_child=3 7 4 -5 5 9 -8 10 -10 -11 12 -13 -14 -15
leaf_value=-0.01067785068469889 0.20806356471564091 0.01628116812734377 0.10497345714406535 0.42030393362045287 -0.017411092917124431 0.089227122985399698 -0.10783035868080333 0.091839473962783816 0.24179442579096017 -0.038849090852520689 -0.019594908975388695 -0.057339638687359799 0.13318796075052686 -0.11994255186989905
leaf_weight=34 28 42 22 20 27 26 189 25 22 22 23 60 27 40
leaf_count=34 28 42 22 20 27 26 189 25 22 22 23 60 27 40
internal_value=7.13969e-10 -0.0254595 -0.0617671 0.296497 -0.010899 -0.0330659 -0.0930179 0.0402225 0.0938014 0.0305255 0.0148222 -0.0134634 0.0629078 -0.0786239
internal_weight=607 559 360 48 137 115 223 199 64 48 135 85 50 67
internal_count=607 559 360 48 137 115 223 199 64 48 135 85 50 67
is_linear=0
shrinkage=0.05


Tree=18
num_leaves=15
num_cat=0
split_feature=5 4 1 7 2 6 6 4 4 7 6 4 7 4
split_gain=451.887 264.662 144.429 191.167 129.882 126.932 229.237 136.012 114.407 103.796 162.191 56.6231 123.356 58.0556
threshold=1.0000000180025095e-35 6.5000000000000009 0.65000000000000002 2561.5000000000005 23192.000000000004 21355.000000000004 22546.000000000004 26.500000000000004 17.500000000000004 2854.5000000000005 25134.000000000004 9.5000000000000018 6249.0000000000009 39.500000000000007
decision_type=2 2 2 2 2 2 2 2 2 2 2 2 2 2
left_child=1 -1 3 -3 -2 -4 -7 -8 -5 -9 -11 -6 13 -13
right_child=4 2 5 8 11 6 7 9 -10 10 -12 12 -14 -15
leaf_value=-0.16394044475422964 0.16322310020526251 0.15502348113805056 -0.092016351975034938 -0.07388730365218539 0.11876645386219026 0.13497745733369479 -0.10703406999236904 0.091400090943683288 0.067915161550045011 0.059909402039544341 -0.091723559697469079 0.026123924216811076 -0.073844469090302789 0.086886824484293662
leaf_weight=36 24 24 80 33 21 22 48 22 25 29 45 114 24 60
leaf_count=36 24 24 80 33 21 22 48 22 25 29 45 114 24 60
internal_value=1.30569e-10 -0.0352487 -0.021124 0.0363434 0.0528005 -0.0402798 -0.0153465 -0.0383126 -0.0127656 -0.00395193 -0.0322998 0.0406994 0.0324195 0.0470766
internal_weight=607 364 328 82 243 246 166 144 58 96 74 219 198 174
internal_count=607 364 328 82 243 246 166 144 58 96 74 219 198 174
is_linear=0
shrinkage=0.05


Tree=19
num_leaves=15
num_cat=0
split_feature=0 0 0 1 1 7 7 7 0 7 0 7 0 0
split_gain=1635.91 335.206 334.07 161.457 154.115 250.817 123.285 136.197 76.3665 72.9057 111.465 93.03 249.642 77.0371
threshold=201.50000000000003 384.50000000000006 74.500000000000014 0.84500000000000008 0.84500000000000008 2899.5000000000005 584.00000000000011 1126.5000000000002 81.500000000000014 6083.5000000000009 24.500000000000004 2899.5000000000005 33.500000000000007 56.500000000000007
decision_type=2 2 2 2 2 2 2 2 2 2 2 2 2 2
left_child=2 3 4 -2 5 -1 -6 -8 -4 10 -9 -12 -13 -14
right_child=1 -3 8 -5 6 -7 7 9 -10 -11 11 12 13 -15
leaf_value=0.1585461524873972 0.067256730966843092 0.39642204806208614 0.10679286886006595 0.2418257665096058 -0.16658615234773608 -0.062292953611661997 0.039550882770583551 -0.15014221794132532 0.011262185933308369 -0.12817236927210116 -0.097920639082497249 0.13822324297257835 -0.095278502317766356 0.0068591781953970593
leaf_weight=20 26 20 24 27 32 36 29 29 163 51 51 21 48 30
leaf_count=20 26 20 24 27 32 36 29 29 163 51 51 21 48 30
internal_value=-2.34749e-10 0.222006 -0.0303491 0.156188 -0.0593809 0.0165782 -0.0739985 -0.0625591 0.0235228 -0.0754338 -0.0604077 -0.043059 -0.014797 -0.0559948
internal_weight=607 73 534 53 347 56 291 259 187 230 179 150 99 78
internal_count=607 73 534 53 347 56 291 259 187 230 179 150 99 78
is_linear=0
shrinkage=0.05


Tree=20
num_leaves=15
num_cat=0
split_feature=5 4 1 7 2 6 6 4 7 6 6 6 6 4
split_gain=394.634 229.047 123.823 165.249 113.966 111.069 202.863 117.386 91.1215 126.155 86.6142 49.8878 126.451 91.6875
threshold=1.0000000180025095e-35 6.5000000000000009 0.65000000000000002 2290.0000000000005 23192.000000000004 21355.000000000004 22546.000000000004 26.500000000000004 2561.5000000000005 25134.000000000004 20988.500000000004 29209.500000000004 27757.500000000004 19.500000000000004
decision_type=2 2 2 2 2 2 2 2 2 2 2 2 2 2
left_child=1 -1 3 -3 -2 -4 -7 -8 -9 -10 -5 12 13 -6
right_child=4 2 5 10 11 6 7 8 9 -11 -12 -13 -14 -15
leaf_value=-0.15266039106580948 0.15277843282868464 0.15838214717805388 -0.085932590486481789 0.062636139988899234 0.10685361524422964 0.127198832414367 -0.099660889466758829 0.091062330007553108 0.050882969399293265 -0.080909291278246961 -0.057126826172073687 0.099090336597171327 -0.065516916165749228 0.022669541777476022
leaf_weight=36 24 20 80 26 45 22 48 20 30 46 36 29 30 115
leaf_count=36 24 20 80 26 45 22 48 20 30 46 36 29 30 115
internal_value=1.32564e-10 -0.0329401 -0.0198001 0.03341 0.0493424 -0.0375368 -0.0142135 -0.0358182 -0.00389679 -0.028886 -0.00690365 0.038007 0.0286837 0.0463463
internal_weight=607 364 328 82 243 246 166 144 96 76 62 219 190 160
internal_count=607 364 328 82 243 246 166 144 96 76 62 219 190 160
is_linear=0
shrinkage=0.05


Tree=21
num_leaves=15
num_cat=0
split_feature=0 0 1 0 0 7 0 3 0 7 7 0 0 6
split_gain=1461.69 404.421 173.122 166.123 166.11 95.7381 103.154 92.51 73.5079 57.8597 60.9426 69.7856 99.0861 57.574
threshold=249.50000000000003 78.500000000000014 0.84500000000000008 45.500000000000007 384.50000000000006 667.50000000000011 85.500000000000014 19840.000000000004 24.500000000000004 6848.5000000000009 584.00000000000011 33.500000000000007 41.500000000000007 25014.000000000004
decision_type=2 2 2 2 2 2 2 2 2 2 2 2 2 2
left_child=1 2 3 -1 -2 -3 -7 8 -4 10 -10 -12 -13 -14
right_child=4 5 7 -5 -6 6 -8 -9 9 -11 11 12 13 -15
leaf_value=0.11224018976624524 0.18617115606154716 0.13821723707020284 -0.13451095181021919 -0.055776186539761491 0.37483779661357408 0.12989401111379267 0.0094107820154548452 0.029005603221329775 -0.13046146804094313 -0.13778944969177248 0.010209735064971739 -0.12512243264251285 -0.000327572985640112 -0.078193367047365334
leaf_weight=28 28 20 47 31 20 20 159 22 25 25 41 45 53 43
leaf_count=28 28 20 47 31 20 20 159 22 25 25 41 45 53 43
internal_value=4.06591e-10 -0.0227362 -0.0543558 0.0239604 0.264782 0.034465 0.0228726 -0.0697068 -0.0774906 -0.065939 -0.0572615 -0.0472065 -0.063902 -0.035205
internal_weight=607 559 360 59 48 199 179 301 279 232 207 182 141 96
internal_count=607 559 360 59 48 199 179 301 279 232 207 182 141 96
is_linear=0
shrinkage=0.05


Tree=22
num_leaves=15
num_cat=0
split_feature=0 3 0 1 4 5 3 0 4 0 0 0 0 3
split_gain=1335.14 427.653 331.979 283.539 173.057 131.213 216.914 97.5176 88.3703 126.032 54.2833 25.4952 25.4205 50.083
threshold=185.50000000000003 16992.000000000004 275.00000000000006 0.84500000000000008 17.500000000000004 1.0000000180025095e-35 19840.000000000004 45.500000000000007 39.500000000000007 57.500000000000007 64.500000000000014 63.500000000000007 33.500000000000007 6080.0000000000009
decision_type=2 2 2 2 2 2 2 2 2 2 2 2 2 2
left_child=3 2 -2 4 10 7 8 12 9 -7 -1 -6 13 -5
right_child=1 -3 -4 5 11 6 -8 -9 -10 -11 -12 -13 -14 -15
leaf_value=-0.093604611158370987 0.0039834954775869848 0.35919304776936772 0.24451817360061867 -0.13825209947036846 0.058153701946139336 -0.059399181843868325 0.14032792434096339 -0.040758037826418875 -0.10193287875201251 0.056804876569658519 0.0096561632411820558 0.12056448627133959 -0.13129487013330265 -0.054108283085709752
leaf_weight=20 32 25 26 28 30 56 20 125 37 40 35 36 49 48
leaf_count=20 32 25 26 28 30 56 20 125 37 40 35 36 49 48
internal_value=-4.41573e-10 0.186323 0.111809 -0.0295129 0.03761 -0.0496664 -0.0131968 -0.0719858 -0.0362833 -0.0109808 -0.0278932 0.0921959 -0.103214 -0.0851086
internal_weight=607 83 58 524 121 403 153 250 133 96 55 66 125 76
internal_count=607 83 58 524 121 403 153 250 133 96 55 66 125 76
is_linear=0
shrinkage=0.05


Tree=23
num_leaves=15
num_cat=0
split_feature=5 4 3 3 3 6 7 7 6 6 7 6 6 3
split_gain=315.592 182.77 180.295 153.566 194.543 105.222 121.981 288.895 75.0084 73.1178 65.3375 56.6196 170.993 57.2513
threshold=1.0000000180025095e-35 6.5000000000000009 19840.000000000004 608.00000000000011 224.00000000000003 12218.000000000002 2538.5000000000005 784.50000000000011 24189.500000000004 14439.000000000002 6034.0000000000009 25134.000000000004 23894.500000000004 5184.0000000000009
decision_type=2 2 2 2 2 2 2 2 2 2 2 2 2 2
left_child=1 -1 3 4 9 -3 7 -7 -9 -2 -5 12 -8 -13
right_child=2 5 -4 10 -6 6 11 8 -10 -11 -12 13 -14 -15
leaf_value=-0.1364014300517738 0.11151596117764712 -0.10537580927052806 0.18062857375903563 0.010382323160215661 0.18961666338810965 -0.079209678326592314 -0.035292924066575679 0.18425185408443212 0.065154082184800732 -0.0033832273880640669 -0.088002779483795174 0.0037047393296075906 0.12112556468872798 -0.089751084436450093
leaf_weight=36 20 31 22 108 28 33 104 20 39 45 20 23 21 57
leaf_count=36 20 31 22 108 28 33 104 20 39 45 20 23 21 57
internal_value=-3.61789e-10 -0.0294572 0.0441251 0.0305365 0.0794338 -0.0177194 -0.00857004 0.0392622 0.105526 0.0319704 -0.00499035 -0.0300362 -0.00901462 -0.0628825
internal_weight=607 364 243 221 93 328 297 92 59 65 128 205 125 80
internal_count=607 364 243 221 93 328 297 92 59 65 128 205 125 80
is_linear=0
shrinkage=0.05


Tree=24
num_leaves=15
num_cat=0
split_feature=5 6 3 6 4 3 1 6 6 6 6 4 7 6
split_gain=284.821 165.796 162.716 143.718 168.626 132.164 83.5392 118.307 94.4468 163.638 87.4755 86.1803 75.3913 94.8005
threshold=1.0000000180025095e-35 15294.000000000002 19840.000000000004 13777.000000000002 19.500000000000004 224.00000000000003 0.65000000000000002 20696.000000000004 21355.000000000004 22546.000000000004 25657.000000000004 26.500000000000004 2561.5000000000005 25134.000000000004
decision_type=2 2 2 2 2 2 2 2 2 2 2 2 2 2
left_child=1 -1 3 -2 5 -5 7 -3 -8 -10 -9 -11 -13 -14
right_child=2 6 -4 4 -6 -7 8 10 9 11 -12 12 13 -15
leaf_value=-0.092077922401360326 0.12041333588875003 0.12649871942897636 0.17159714448181065 0.022857642836040921 -0.021036502742391872 0.17841035300357777 -0.095630198977887632 -0.083436871116811584 0.11698962571946057 -0.081748370507585946 0.047826307713985446 0.085055252015590666 0.045099429835875837 -0.069146974700624531
leaf_weight=79 36 24 22 36 127 22 40 22 22 51 30 20 30 46
leaf_count=79 36 24 22 36 127 22 40 22 22 51 30 20 30 46
internal_value=-3.23048e-10 -0.0279843 0.0419189 0.0290097 0.0112231 0.0818604 -0.010218 0.034673 -0.026542 -0.0101898 -0.00770811 -0.0292234 -0.00131951 -0.0240497
internal_weight=607 364 243 221 185 58 285 76 209 169 52 147 96 76
internal_count=607 364 243 221 185 58 285 76 209 169 52 147 96 76
is_linear=0
shrinkage=0.05


Tree=25
num_leaves=15
num_cat=0
split_feature=0 4 6 0 7 7 2 0 7 0 6 6 0 5
split_gain=1172.97 362.518 200.819 185.816 105.644 125.366 107.362 91.068 92.2598 83.2262 96.0306 117.04 62.2549 46.2656
threshold=185.50000000000003 26.500000000000004 26065.500000000004 78.500000000000014 584.00000000000011 1126.5000000000002 23192.000000000004 24.500000000000004 6034.0000000000009 31.500000000000004 28270.000000000004 22864.000000000004 85.500000000000014 1.0000000180025095e-35
decision_type=2 2 2 2 2 2 2 2 2 2 2 2 2 2
left_child=3 2 -2 4 -1 -6 -7 -8 9 -9 11 13 -5 -11
right_child=1 -3 -4 12 5 6 7 8 -10 10 -12 -13 -14 -15
leaf_value=-0.13029612055846623 0.17163960491307081 0.30997805556943342 -0.030328903347253799 0.094716308697719465 0.053504388418161512 0.047664808768492481 -0.12937044829894337 0.064448243397332378 -0.10371670003773437 -0.095492159486526548 -0.11721289767460391 0.038451958827826448 0.0043256940392278872 -0.012517697590270214
leaf_weight=35 32 31 20 22 33 26 39 21 54 42 33 49 142 28
leaf_count=35 32 31 20 22 33 26 39 21 54 42 33 49 142 28
internal_value=-1.02031e-10 0.174641 0.0939594 -0.0276626 -0.0477589 -0.0388703 -0.0493099 -0.0587887 -0.0466623 -0.0288534 -0.0417437 -0.0208153 0.0164513 -0.0623024
internal_weight=607 83 52 524 360 325 292 266 227 173 152 119 164 70
internal_count=607 83 52 524 360 325 292 266 227 173 152 119 164 70
is_linear=0
shrinkage=0.05


Tree=26
num_leaves=15
num_cat=0
split_feature=0 0 0 1 0 7 0 7 3 0 7 0 0 4
split_gain=1061.5 273.352 138.34 123.25 142.415 80.6004 89.8368 72.6439 79.7178 59.5127 85.4913 96.3441 98.6691 137.075
threshold=249.50000000000003 78.500000000000014 384.50000000000006 0.84500000000000008 43.500000000000007 667.50000000000011 85.500000000000014 584.00000000000011 18144.000000000004 24.500000000000004 4437.5000000000009 34.500000000000007 41.500000000000007 26.500000000000004
decision_type=2 2 2 2 2 2 2 2 2 2 2 2 2 2
left_child=1 3 -2 4 -1 -3 -7 -5 9 -9 11 -11 -13 -14
right_child=2 5 -4 7 -6 6 -8 8 -10 10 -12 12 13 -15
leaf_value=0.10822568266437604 0.15390259703355177 0.12284897185862065 0.32607764072716239 -0.127157402213882 -0.048243905423265517 0.1168897758051753 0.0044525479590344546 -0.11326591954344796 0.027232010693599779 0.06278204125618296 -0.082680183924410663 -0.13492211569100618 0.053639784003749039 -0.11224804718047382
leaf_weight=26 28 20 20 34 33 20 159 42 30 28 92 22 33 20
leaf_count=26 28 20 20 34 33 20 159 42 30 28 92 22 33 20
internal_value=2.02145e-10 -0.0193754 0.225642 -0.045371 0.0207088 0.0276519 0.0170154 -0.0583235 -0.0495581 -0.0592784 -0.0476503 -0.0163615 -0.0459085 -0.0089594
internal_weight=607 559 48 360 59 199 179 301 267 237 195 103 75 53
internal_count=607 559 48 360 59 199 179 301 267 237 195 103 75 53
is_linear=0
shrinkage=0.05


Tree=27
num_leaves=15
num_cat=0
split_feature=0 3 0 0 7 7 0 6 6 3 6 0 5 3
split_gain=973.213 342.623 274.259 148.518 101.111 158.315 80.3014 72.3079 178.743 113.799 75.8679 75.9505 56.7555 73.7467
threshold=185.50000000000003 15104.000000000002 275.00000000000006 74.500000000000014 584.00000000000011 1126.5000000000002 81.500000000000014 23894.500000000004 24809.500000000004 608.00000000000011 11071.000000000002 57.500000000000007 1.0000000180025095e-35 288.00000000000006
decision_type=2 2 2 2 2 2 2 2 2 2 2 2 2 2
left_child=3 2 -2 4 -1 -6 -5 10 -9 -10 -7 -12 -8 -14
right_child=1 -3 -4 6 5 7 12 8 9 -11 11 -13 13 -15
leaf_value=-0.12746411259427215 -0.0099763490499988686 0.30949110180999223 0.21022515660554816 0.097106319599940136 0.071811307266715071 0.018601413851692564 -0.026401030818757776 0.11416600474289484 0.052654908662256986 -0.073197772862707705 -0.10338698795223433 -0.013273196170727412 -0.04339414767920971 0.07325927831587338
leaf_weight=33 31 26 26 24 31 21 91 21 23 82 106 30 20 42
leaf_count=33 31 26 26 24 31 21 91 21 23 82 106 30 20 42
internal_value=2.70229e-11 0.159077 0.0904664 -0.0251972 -0.0442087 -0.0354589 0.0120738 -0.0472094 -0.0189974 -0.04563 -0.0698509 -0.0835089 -0.00126462 0.0356291
internal_weight=607 83 57 524 347 314 177 283 126 105 157 136 153 62
internal_count=607 83 57 524 347 314 177 283 126 105 157 136 153 62
is_linear=0
shrinkage=0.05


Tree=28
num_leaves=15
num_cat=0
split_feature=0 4 1 6 4 6 5 6 6 0 0 0 6 6
split_gain=878.325 288.798 192.46 167.307 142.545 161.277 77.5051 72.8269 78.541 84.1274 71.9366 65.1313 53.5969 37.7369
threshold=185.50000000000003 26.500000000000004 0.84500000000000008 26065.500000000004 17.500000000000004 24743.000000000004 1.0000000180025095e-35 20373.500000000004 25752.500000000004 43.500000000000007 57.500000000000007 45.500000000000007 22014.000000000004 21412.500000000004
decision_type=2 2 2 2 2 2 2 2 2 2 2 2 2 2
left_child=2 3 4 -2 12 -6 11 10 -9 -10 -8 13 -1 -4
right_child=1 -3 6 -5 5 -7 7 8 9 -11 -12 -13 -14 -15
leaf_value=-0.0653964655314173 0.15001355602871627 0.27191762854495355 -0.11135593109199259 -0.034334602952003482 0.150100780206078 -0.0073802911515893606 -0.019306992123956267 -0.075719973551375538 0.086959777843384517 -0.041833183605922392 0.10868939569308644 -0.032174335302785038 0.037209379598498342 -0.056395120272645732
leaf_weight=35 32 31 61 20 37 29 23 56 21 32 21 125 20 64
leaf_count=35 32 31 61 20 37 29 23 56 21 32 21 125 20 64
internal_value=-5.66542e-11 0.151123 -0.0239374 0.0791104 0.0313637 0.0809046 -0.0405414 -0.0125125 -0.0344296 0.00919799 0.0417822 -0.0576952 -0.0280852 -0.083216
internal_weight=607 83 524 52 121 66 403 153 109 53 44 250 55 125
internal_count=607 83 524 52 121 66 403 153 109 53 44 250 55 125
is_linear=0
shrinkage=0.05


Tree=29
num_leaves=15
num_cat=0
split_feature=5 3 4 3 3 7 7 7 1 7 7 7 7 7
split_gain=209.206 147.219 121.053 115.755 168.531 65.4768 63.3647 151.087 110.634 53.4256 51.7548 50.1915 63.0586 40.1853
threshold=1.0000000180025095e-35 19840.000000000004 6.5000000000000009 608.00000000000011 224.00000000000003 2899.5000000000005 2538.5000000000005 784.50000000000011 0.65000000000000002 3411.5000000000005 6034.0000000000009 2921.0000000000005 4460.0000000000009 4397.5000000000009
decision_type=2 2 2 2 2 2 2 2 2 2 2 2 2 2
left_child=2 3 -1 4 5 -2 7 -4 -9 -8 11 -5 -13 -7
right_child=1 -3 6 10 -6 13 9 8 -10 -11 -12 12 -14 -15
leaf_value=-0.1110184485041019 0.094563275575637817 0.15927432843229988 -0.068064037369830271 -0.025163689686049675 0.16865236687340909 -0.060528731921857051 -0.094265455726001951 0.15516551584005356 0.018805598493154146 -0.020358871111713854 -0.081079388856887813 0.10403369714546462 -0.0086293370635421186 0.03503816276788712
leaf_weight=36 21 22 35 58 28 22 28 21 51 193 20 23 27 22
leaf_count=36 21 22 35 58 28 22 28 21 51 193 20 23 27 22
internal_value=-1.06788e-10 0.0359261 -0.0239836 0.0236471 0.0661 0.0219236 -0.014431 0.0171525 0.0585772 -0.0297226 -0.00719765 0.00648416 0.0431957 -0.0127453
internal_weight=607 243 364 221 93 65 328 107 72 221 128 108 50 44
internal_count=607 243 364 221 93 65 328 107 72 221 128 108 50 44
is_linear=0
shrinkage=0.05


Tree=30
num_leaves=15
num_cat=0
split_feature=0 3 0 1 7 7 0 0 7 3 0 7 0 7
split_gain=788.619 286.233 237.999 164.399 259.7 188.569 139.183 71.9676 54.7062 64.7791 51.8333 69.7043 84.6812 102.121
threshold=185.50000000000003 15104.000000000002 275.00000000000006 0.84500000000000008 6866.0000000000009 2899.5000000000005 63.500000000000007 78.500000000000014 584.00000000000011 18144.000000000004 24.500000000000004 5131.5000000000009 33.500000000000007 1625.5000000000002
decision_type=2 2 2 2 2 2 2 2 2 2 2 2 2 2
left_child=3 2 -2 4 5 -1 -7 8 -5 10 -10 12 -12 -14
right_child=1 -3 -4 7 -6 6 -8 -9 9 -11 11 -13 13 -15
leaf_value=0.081973271807416898 -0.013080466754974858 0.28067813656077933 0.1920486048437082 -0.11006191846202402 0.19303991161286832 -0.15590451560590579 -0.00082179234387018743 -0.0017311869198273794 -0.10186773471179462 0.026500805042063199 0.06138152860534879 -0.082424958648555202 0.055927685969932521 -0.065549102848694654
leaf_weight=39 31 26 26 34 20 23 39 102 42 30 26 66 22 81
leaf_count=39 31 26 26 34 20 23 39 102 42 30 26 66 22 81
internal_value=1.85958e-10 0.143198 0.0804872 -0.0226821 0.0284289 -0.00416729 -0.0583525 -0.038028 -0.050328 -0.0427214 -0.0514837 -0.0406318 -0.0192492 -0.0396026
internal_weight=607 83 57 524 121 101 62 403 301 267 237 195 129 103
internal_count=607 83 57 524 121 101 62 403 301 267 237 195 129 103
is_linear=0
shrinkage=0.05


Tree=31
num_leaves=15
num_cat=0
split_feature=0 0 7 1 7 7 0 0 7 7 5 6 6 7
split_gain=711.728 198.833 162.627 148.371 234.379 170.183 125.613 64.9507 49.3723 60.1421 85.7292 55.5065 125.685 53.8713
threshold=185.50000000000003 384.50000000000006 2561.5000000000005 0.84500000000000008 6866.0000000000009 2899.5000000000005 63.500000000000007 78.500000000000014 584.00000000000011 6083.5000000000009 1.0000000180025095e-35 19934.500000000004 24961.500000000004 4303.0000000000009
decision_type=2 2 2 2 2 2 2 2 2 2 2 2 2 2
left_child=3 2 -2 4 5 -1 -7 8 -5 10 13 -12 -13 -10
right_child=1 -3 -4 7 -6 6 -8 -9 9 -11 11 12 -14 -15
leaf_value=0.07787460381738269 0.20210169499570674 0.27338824793696404 0.033588497785896787 -0.10455882216201109 0.18338791504502297 -0.14810928987420124 -0.00078070063430529379 -0.0016446280466648295 -0.08233806705354034 -0.088837982227022827 0.074778300942853093 -0.097946287462344545 0.048090306751649173 -0.017663856595754625
leaf_weight=39 22 20 41 34 20 23 39 102 74 52 24 26 34 57
leaf_count=39 22 20 41 34 20 23 39 102 74 52 24 26 34 57
internal_value=-3.03178e-10 0.136038 0.0924344 -0.021548 0.0270075 -0.00395893 -0.0554349 -0.0361266 -0.0478116 -0.0405853 -0.0289149 0.0105136 -0.0151922 -0.0541974
internal_weight=607 83 63 524 121 101 62 403 301 267 215 84 60 131
internal_count=607 83 63 524 121 101 62 403 301 267 215 84 60 131
is_linear=0
shrinkage=0.05


Tree=32
num_leaves=15
num_cat=0
split_feature=5 3 6 4 6 7 7 7 6 7 7 7 3 7
split_gain=167.442 136.103 122.047 122.854 103.181 69.2569 181.81 91.7788 87.1862 58.548 133.464 73.9748 48.1237 39.9541
threshold=1.0000000180025095e-35 19840.000000000004 13777.000000000002 18.500000000000004 13823.500000000002 2921.0000000000005 4008.0000000000005 1026.5000000000002 24636.500000000004 2538.5000000000005 784.50000000000011 1429.0000000000002 128.00000000000003 3411.5000000000005
decision_type=2 2 2 2 2 2 2 2 2 2 2 2 2 2
left_child=4 2 -2 12 -1 7 -7 -5 -8 10 -6 -12 -4 -11
right_child=1 -3 3 5 9 6 8 -9 -10 13 11 -13 -14 -15
leaf_value=-0.078551506445958069 0.10456526128368245 0.15074110871011562 0.028662267165339511 0.011119279044645804 -0.059249530687476654 0.13860474682989574 0.025057912401614653 -0.11157409012301028 -0.096661581338516309 -0.081084556049770787 0.12364785030869574 0.016343220985598036 0.13471088148653507 -0.015712527992824712
leaf_weight=65 36 22 23 27 33 21 31 35 28 27 29 36 20 174
leaf_count=65 36 22 23 27 33 21 31 35 28 27 29 36 20 174
internal_value=-9.66516e-11 0.0321407 0.0203344 0.0039435 -0.0214566 -0.0184782 0.0122621 -0.0581431 -0.0327073 -0.00904466 0.0226419 0.0642176 0.0779872 -0.0244938
internal_weight=607 243 221 185 364 142 80 62 59 299 98 65 43 201
internal_count=607 243 221 185 364 142 80 62 59 299 98 65 43 201
is_linear=0
shrinkage=0.05


Tree=33
num_leaves=15
num_cat=0
split_feature=0 0 6 3 5 2 0 3 6 0 0 0 3 0
split_gain=638.844 159.81 135.417 76.8912 102.566 59.9706 59.6518 54.1116 111.814 51.5546 125.916 47.1433 44.6423 44.3688
threshold=249.50000000000003 78.500000000000014 23084.000000000004 224.00000000000003 1.0000000180025095e-35 23192.000000000004 139.50000000000003 2048.0000000000005 24268.500000000004 24.500000000000004 29.500000000000004 124.50000000000001 16992.000000000004 61.500000000000007
decision_type=2 2 2 2 2 2 2 2 2 2 2 2 2 2
left_child=1 5 -2 6 7 -1 -3 -5 -9 -7 -11 -6 13 -12
right_child=2 3 -4 4 11 9 -8 8 -10 10 12 -13 -14 -15
leaf_value=0.036760931765591663 0.26260571474938293 -0.10067531980574132 0.094495725154876711 0.066044942954821259 0.05035628159840902 -0.085436953342071298 0.014182128241428962 -0.067795108507076901 0.061196910536714971 0.06850623990009938 -0.039731962243650137 0.14332366746664046 -0.075584413970510175 0.032180889859795572
leaf_weight=27 23 20 25 28 30 54 26 42 28 28 151 25 75 25
leaf_count=27 23 20 25 28 30 54 26 42 28 28 151 25 75 25
internal_value=4.54154e-10 -0.015031 0.175048 0.0209266 0.0379683 -0.0349075 -0.0357559 0.00729977 -0.0161983 -0.0407185 -0.0320633 0.0926142 -0.0432822 -0.0295171
internal_weight=607 559 48 199 153 360 46 98 70 333 279 55 251 176
internal_count=607 559 48 199 153 360 46 98 70 333 279 55 251 176
is_linear=0
shrinkage=0.05


Tree=34
num_leaves=15
num_cat=0
split_feature=0 3 0 1 4 0 4 3 0 0 0 3 0 5
split_gain=580.139 253.29 182.735 118.258 121.33 50.8388 38.1717 37.0751 41.158 59.3714 49.1512 45.7473 66.9163 33.4305
threshold=185.50000000000003 16992.000000000004 275.00000000000006 0.84500000000000008 17.500000000000004 78.500000000000014 9.5000000000000018 19840.000000000004 42.500000000000007 36.500000000000007 24.500000000000004 16992.000000000004 50.500000000000007 1.0000000180025095e-35
decision_type=2 2 2 2 2 2 2 2 2 2 2 2 2 2
left_child=3 2 -2 4 6 7 -1 8 9 10 -5 12 -10 -12
right_child=1 -3 -4 5 -6 -7 -8 -9 11 -11 13 -13 -14 -15
leaf_value=0.022049620889482046 -0.014523101132363082 0.2558604135513306 0.16393352150917054 -0.088331639544760934 0.069600425452650105 -0.0019628407397106582 -0.063688337693319594 0.019683549688621002 0.075982660353183754 -0.11941378889857113 -0.047814855309871007 -0.070986447814438081 -0.030316286514464181 0.018959800744878838
leaf_weight=21 32 25 26 47 66 102 34 22 20 37 53 36 57 29
leaf_count=21 32 25 26 47 66 102 34 22 20 37 53 36 57 29
internal_value=5.47171e-11 0.12282 0.0654747 -0.0194543 0.0238948 -0.0324698 -0.030952 -0.0428076 -0.0477353 -0.0635798 -0.0475654 -0.0244592 -0.00270617 -0.0241994
internal_weight=607 83 58 524 121 403 55 301 279 166 129 113 77 82
internal_count=607 83 58 524 121 403 55 301 279 166 129 113 77 82
is_linear=0
shrinkage=0.05


Tree=35
num_leaves=15
num_cat=0
split_feature=0 4 6 1 7 4 7 7 5 6 6 7 6 6
split_gain=523.576 210.911 129.694 106.728 207.224 147.063 84.5646 50.117 73.2348 96.1015 110.82 66.2154 63.2802 137.242
threshold=185.50000000000003 26.500000000000004 26065.500000000004 0.84500000000000008 6866.0000000000009 18.500000000000004 3519.5000000000005 6083.5000000000009 1.0000000180025095e-35 20373.500000000004 24097.500000000004 3411.5000000000005 25134.000000000004 21745.500000000004
decision_type=2 2 2 2 2 2 2 2 2 2 2 2 2 2
left_child=3 2 -2 4 5 6 -1 8 11 -10 -11 -5 13 -13
right_child=1 -3 -4 7 -6 -7 -8 -9 9 10 -12 12 -14 -15
leaf_value=0.014443129301071167 0.11756476368755103 0.21990781512952623 -0.044743717610836037 -0.06943369026367481 0.16974247410893439 0.069654567959981081 -0.10389432360728582 -0.06930393789495741 0.07335096807464174 -0.094616203506787622 0.019458236234883467 -0.036563567275350747 -0.07122202736716117 0.11415300978266674
leaf_weight=26 32 31 20 104 20 39 36 70 38 33 60 44 31 23
leaf_count=26 32 31 20 104 20 39 36 70 38 33 60 44 31 23
internal_value=-1.30109e-10 0.116679 0.0551384 -0.0184816 0.0227 -0.00641729 -0.0542689 -0.0308463 -0.0227621 0.00635493 -0.0210198 -0.0416449 -0.0121547 0.015175
internal_weight=607 83 52 524 121 101 62 403 333 131 93 202 98 67
internal_count=607 83 52 524 121 101 62 403 333 131 93 202 98 67
is_linear=0
shrinkage=0.05


Tree=36
num_leaves=15
num_cat=0
split_feature=0 0 6 3 3 0 0 1 0 4 6 6 3 0
split_gain=474.462 125.546 122.134 71.3994 75.0941 92.3039 53.265 52.2783 109.548 45.7584 44.6116 67.0169 33.4417 36.1825
threshold=249.50000000000003 78.500000000000014 23084.000000000004 224.00000000000003 288.00000000000006 175.50000000000003 139.50000000000003 0.84500000000000008 43.500000000000007 24.500000000000004 20383.000000000004 24097.500000000004 19840.000000000004 42.500000000000007
decision_type=2 2 2 2 2 2 2 2 2 2 2 2 2 2
left_child=1 7 -2 6 -5 9 -3 8 -1 -6 -11 -12 13 -9
right_child=2 3 -4 4 5 -7 -8 12 -10 10 11 -13 -14 -15
leaf_value=0.089222254288884306 0.23400775867959728 -0.09704942610114814 0.074355771839618681 0.12316114218195989 0.0621318964958191 0.1148599543354728 0.011485225306107448 -0.058542651633159762 -0.048009555041790011 0.041295904874801642 -0.098630552280407693 0.008007360764724367 0.020343440161509949 -0.021862767442269664
leaf_weight=26 23 20 25 21 25 22 26 166 33 25 26 34 22 113
leaf_count=26 23 20 25 21 25 22 26 166 33 25 26 34 22 113
internal_value=1.48827e-10 -0.0129536 0.150856 0.018917 0.0353389 0.0213672 -0.0357038 -0.030571 0.0124655 0.00266864 -0.0148205 -0.0382024 -0.0390067 -0.0436866
internal_weight=607 559 48 199 153 132 46 360 59 110 85 60 301 279
internal_count=607 559 48 199 153 132 46 360 59 110 85 60 301 279
is_linear=0
shrinkage=0.05


Tree=37
num_leaves=15
num_cat=0
split_feature=4 1 6 7 7 7 6 3 7 7 7 3 6 6
split_gain=81.1702 69.92 97.2591 163.935 147.348 92.8837 88.5886 65.5119 144.434 75.1862 65.1444 60.784 41.0176 105.654
threshold=6.5000000000000009 0.84500000000000008 26338.500000000004 2899.5000000000005 5622.5000000000009 5131.5000000000009 28517.500000000004 15104.000000000002 1166.5000000000002 3274.5000000000005 2498.0000000000005 6080.0000000000009 26065.500000000004 24268.500000000004
decision_type=2 2 2 2 2 2 2 2 2 2 2 2 2 2
left_child=-1 2 3 -2 -5 7 -4 9 -9 -3 -10 -11 13 -7
right_child=1 5 6 4 -6 12 -8 8 10 11 -12 -13 -14 -15
leaf_value=-0.061026225335896016 0.16020387132962546 -0.032398491850572413 -0.091698890707145139 -0.044709008721969069 0.098846355216069659 -0.05517199243785758 0.050784619525074959 0.13649984115156635 -0.067051899229938344 0.10713501028716564 0.034239647158405238 0.0030619972088235491 -0.089559360887065079 0.073590746309076041
leaf_weight=50 30 116 24 39 33 66 20 29 22 20 57 47 33 21
leaf_count=50 30 116 24 39 33 66 20 29 22 20 57 47 33 21
internal_value=8.10113e-11 0.00547812 0.0352008 0.0620039 0.0210872 -0.0050803 -0.0269337 0.0101835 0.0410649 -0.00804159 0.00603187 0.0341286 -0.042095 -0.0240913
internal_weight=607 557 146 102 72 411 44 291 108 183 79 67 120 87
internal_count=607 557 146 102 72 411 44 291 108 183 79 67 120 87
is_linear=0
shrinkage=0.05


Tree=38
num_leaves=15
num_cat=0
split_feature=0 0 0 7 0 7 7 2 7 0 0 0 7 4
split_gain=422.514 108.96 87.4588 59.6974 87.5029 54.8423 97.2423 50.6228 51.3376 79.1404 59.9996 54.1481 39.2609 46.6065
threshold=249.50000000000003 78.500000000000014 384.50000000000006 667.50000000000011 85.500000000000014 584.00000000000011 1126.5000000000002 23192.000000000004 6083.5000000000009 25.500000000000004 33.500000000000007 39.500000000000007 5078.0000000000009 39.500000000000007
decision_type=2 2 2 2 2 2 2 2 2 2 2 2 2 2
left_child=1 5 -2 -3 -5 -1 -7 -8 9 -9 -11 -12 13 -13
right_child=2 3 -4 4 -6 6 7 8 -10 10 11 12 -14 -15
leaf_value=-0.088104449084826883 0.085316861846617298 0.099394946098327649 0.22221524566411974 0.10688141390681268 -0.0040856658399058216 0.059124048754121319 0.035163048368233904 -0.09687804487166983 -0.078203084393114353 0.04310966490914947 -0.087250038267423724 -0.0025568256249367182 0.050074343418791183 -0.085198816160360971
leaf_weight=35 28 20 20 20 159 33 26 33 61 38 30 59 21 24
leaf_count=35 28 20 20 20 159 33 26 33 61 38 30 59 21 24
internal_value=-1.20443e-10 -0.0122239 0.142358 0.0174669 0.00831289 -0.0286363 -0.0222321 -0.0314264 -0.0379352 -0.025953 -0.0123453 -0.0280714 -0.0110006 -0.0264533
internal_weight=607 559 48 199 179 360 325 292 266 205 172 134 104 83
internal_count=607 559 48 199 179 360 325 292 266 205 172 134 104 83
is_linear=0
shrinkage=0.05


Tree=39
num_leaves=15
num_cat=0
split_feature=0 3 0 1 7 7 0 7 0 6 7 3 6 0
split_gain=384.127 200.028 147.678 73.8303 181.039 125.573 106.886 40.9669 40.2008 51.8463 43.7929 48.1391 35.5649 34.3007
threshold=185.50000000000003 15104.000000000002 275.00000000000006 0.84500000000000008 6866.0000000000009 2899.5000000000005 63.500000000000007 7417.5000000000009 78.500000000000014 21786.500000000004 584.00000000000011 18144.000000000004 24097.500000000004 41.500000000000007
decision_type=2 2 2 2 2 2 2 2 2 2 2 2 2 2
left_child=3 2 -2 4 5 -1 -7 8 10 -10 -5 13 -11 -12
right_child=1 -3 -4 7 -6 6 -8 -9 9 12 11 -13 -14 -15
leaf_value=0.061500279357035961 -0.02618819186764379 0.21486847125566921 0.13539550272891154 -0.085039814232903368 0.15586003869771958 -0.13849891780511192 -0.0025959187682765804 -0.094105942689237151 0.050042046109835307 -0.07458969991315495 -0.049207207914297439 0.036012757903543018 0.0065387154051235741 -0.0094958329474196801
leaf_weight=39 31 26 26 34 20 23 39 21 39 22 129 29 35 94
leaf_count=39 31 26 26 34 20 23 39 21 39 22 129 29 35 94
internal_value=-1.26388e-10 0.0999401 0.0475167 -0.0158302 0.0184215 -0.00879411 -0.0530115 -0.0261142 -0.0223764 0.00562001 -0.0317739 -0.0245872 -0.024774 -0.0324679
internal_weight=607 83 57 524 121 101 62 403 382 96 286 252 57 223
internal_count=607 83 57 524 121 101 62 403 382 96 286 252 57 223
is_linear=0
shrinkage=0.05


Tree=40
num_leaves=15
num_cat=0
split_feature=0 3 6 1 7 7 0 7 5 3 6 7 6 6
split_gain=346.675 180.67 145.726 66.6319 163.387 113.329 96.4642 37.9181 62.6954 88.7636 109.548 55.9676 60.4969 122.47
threshold=185.50000000000003 16992.000000000004 26338.500000000004 0.84500000000000008 6866.0000000000009 2899.5000000000005 63.500000000000007 6034.0000000000009 1.0000000180025095e-35 18144.000000000004 20419.500000000004 3411.5000000000005 25134.000000000004 21745.500000000004
decision_type=2 2 2 2 2 2 2 2 2 2 2 2 2 2
left_child=3 2 -2 4 5 -1 -7 8 11 10 -10 -5 13 -13
right_child=1 -3 -4 7 -6 6 -8 -9 9 -11 -12 12 -14 -15
leaf_value=0.058425267652059215 0.10400865400504125 0.20730482292175295 -0.06273357316851616 -0.060636410292667843 0.14806703865528106 -0.13157397241372129 -0.002466122659060579 -0.057692776340991264 0.063324268327818983 0.10629691734910013 -0.04301674031224606 -0.030587394327618356 -0.065452216036858107 0.1123541736084482
leaf_weight=39 38 25 20 104 20 23 39 72 36 20 74 43 31 23
leaf_count=39 38 25 20 104 20 23 39 72 36 20 74 43 31 23
internal_value=3.39944e-11 0.0949431 0.0465113 -0.0150387 0.0175004 -0.0083544 -0.050361 -0.0248085 -0.0176554 0.00940287 -0.00821423 -0.0351558 -0.0078364 0.0192256
internal_weight=607 83 58 524 121 101 62 403 331 130 110 201 97 66
internal_count=607 83 58 524 121 101 62 403 331 130 110 201 97 66
is_linear=0
shrinkage=0.05


Tree=41
num_leaves=15
num_cat=0
split_feature=4 1 2 7 7 4 7 6 7 7 6 6 7 6
split_gain=66.3543 51.1419 85.3178 146.615 73.7779 67.9704 58.8319 65.55 176.875 87.8789 66.9068 60.5832 53.7433 49.9249
threshold=6.5000000000000009 0.84500000000000008 16192.000000000002 2899.5000000000005 5131.5000000000009 19.500000000000004 4888.5000000000009 26065.500000000004 1126.5000000000002 4008.0000000000005 22864.000000000004 29209.500000000004 6222.5000000000009 11762.500000000002
decision_type=2 2 2 2 2 2 2 2 2 2 2 2 2 2
left_child=-1 2 -2 -4 6 12 7 10 -9 11 13 -10 -5 -3
right_child=1 4 3 5 -6 -7 -8 8 9 -11 -12 -13 -14 -15
leaf_value=-0.055176317468285566 -0.03406375128971903 -0.044502716620585747 0.14919780528750912 0.009395649452926591 -0.037065905605753263 -0.059327619611507371 0.090139167862279088 0.16468354236511959 -0.009648807559278794 -0.086277997351828076 -0.061261893483741142 0.098135820369828833 0.1095420794029321 0.026451061736134925
leaf_weight=50 38 35 29 37 120 21 21 21 32 21 54 22 21 85
leaf_count=50 38 35 29 37 120 21 21 21 32 21 54 22 21 85
internal_value=6.25325e-11 0.00495299 0.030373 0.0530452 -0.00407698 0.0177486 0.00952669 0.00325684 0.0364244 0.000511843 -0.0150425 0.0342634 0.0456556 0.00575621
internal_weight=607 557 146 108 411 79 291 270 96 75 174 54 58 120
internal_count=607 557 146 108 411 79 291 270 96 75 174 54 58 120
is_linear=0
shrinkage=0.05


Tree=42
num_leaves=15
num_cat=0
split_feature=0 0 3 7 7 0 6 6 6 3 6 6 6 0
split_gain=316.768 125.124 129.217 62.0541 88.7815 58.602 87.2651 127.45 85.9355 71.0487 63.0649 85.0386 76.1518 54.2868
threshold=346.00000000000006 124.50000000000001 11968.000000000002 751.50000000000011 1126.5000000000002 57.500000000000007 23894.500000000004 26338.500000000004 14097.500000000002 224.00000000000003 24538.500000000004 21745.500000000004 18716.000000000004 156.00000000000003
decision_type=2 2 2 2 2 2 2 2 2 2 2 2 2 2
left_child=1 3 13 -1 -5 6 8 -8 9 -6 11 12 -7 -3
right_child=-2 2 -4 4 5 10 7 -9 -10 -11 -12 -13 -14 -15
leaf_value=-0.06774698703003855 0.18200722498738248 0.064796862350060394 0.11382811336140884 0.075148861220589391 0.057486988213800251 0.04120218178464307 0.073589858966501984 -0.044031659489283802 -0.097632803526158413 -0.061626027338206768 -0.032278280082853543 0.10322911369389501 -0.080483037233352664 -0.020879626713576727
leaf_weight=58 23 26 38 27 21 36 37 61 73 31 63 29 20 64
leaf_count=58 23 26 38 27 21 36 37 61 73 31 63 29 20 64
internal_value=8.41566e-11 -0.00716809 0.0365148 -0.0194299 -0.0123888 -0.0187594 -0.0349483 0.000376465 -0.062643 -0.0135227 0.00563331 0.0337325 -0.00225683 0.00387136
internal_weight=607 584 128 456 398 371 223 98 125 52 148 85 56 90
internal_count=607 584 128 456 398 371 223 98 125 52 148 85 56 90
is_linear=0
shrinkage=0.05


Tree=43
num_leaves=15
num_cat=0
split_feature=0 6 0 3 0 4 2 4 0 3 3 0 4 3
split_gain=287.931 142.124 77.7691 99.4324 67.582 58.1826 117.43 54.0723 47.8926 41.3728 22.7847 17.5438 52.7724 32.0226
threshold=271.00000000000006 23294.000000000004 124.50000000000001 11968.000000000002 156.00000000000003 17.500000000000004 23192.000000000004 9.5000000000000018 50.500000000000007 1.0000000180025095e-35 224.00000000000003 78.500000000000014 26.500000000000004 19840.000000000004
decision_type=2 2 2 2 2 2 2 2 2 2 2 2 2 2
left_child=2 -2 5 4 -4 7 -7 8 -1 -8 -6 13 -13 -11
right_child=1 -3 3 -5 10 6 9 -9 -10 11 -12 12 -14 -15
leaf_value=-0.063461997409661616 0.21400120129639452 0.029838448809459808 0.061557020590855528 0.099479863398215351 -0.0047679047584533694 0.099666217099065368 0.041242291685193777 -0.10208640330367619 0.033663681014017628 -0.033271367813691374 -0.072972563685228434 0.047820832814660763 -0.044437905136616003 0.031182726650010973
leaf_weight=30 22 20 26 34 25 23 28 36 22 234 24 31 31 21
leaf_count=30 22 20 26 34 25 23 28 36 22 234 24 31 31 21
internal_value=-3.31103e-10 0.126305 -0.00938902 0.0285528 -0.00360075 -0.0184585 -0.00972469 -0.0549815 -0.0223704 -0.0170174 -0.0381743 -0.0221634 0.00169146 -0.0279634
internal_weight=607 42 565 109 75 456 368 88 52 345 49 317 62 255
internal_count=607 42 565 109 75 456 368 88 52 345 49 317 62 255
is_linear=0
shrinkage=0.05


end of trees

feature_importances:
Column_0=189
Column_7=116
Column_6=112
Column_3=60
Column_4=50
Column_1=44
Column_5=35
Column_2=10

parameters:
[boosting: gbdt]
[objective: regression]
[metric: l2]
[tree_learner: serial]
[device_type: cpu]
[data_sample_strategy: bagging]
[data: ]
[valid: ]
[num_iterations: 400]
[learning_rate: 0.05]
[num_leaves: 15]
[num_threads: 96]
[seed: 0]
[deterministic: 0]
[force_col_wise: 0]
[force_row_wise: 0]
[histogram_pool_size: -1]
[max_depth: -1]
[min_data_in_leaf: 20]
[min_sum_hessian_in_leaf: 0.001]
[bagging_fraction: 0.8]
[pos_bagging_fraction: 1]
[neg_bagging_fraction: 1]
[bagging_freq: 0]
[bagging_seed: 7719]
[bagging_by_query: 0]
[feature_fraction: 0.8]
[feature_fraction_bynode: 1]
[feature_fraction_seed: 2437]
[extra_trees: 0]
[extra_seed: 11797]
[early_stopping_round: 0]
[early_stopping_min_delta: 0]
[first_metric_only: 0]
[max_delta_step: 0]
[lambda_l1: 0]
[lambda_l2: 0]
[linear_lambda: 0]
[min_gain_to_split: 0]
[drop_rate: 0.1]
[max_drop: 50]
[skip_drop: 0.5]
[xgboost_dart_mode: 0]
[uniform_drop: 0]
[drop_seed: 21238]
[top_rate: 0.2]
[other_rate: 0.1]
[min_data_per_group: 100]
[max_cat_threshold: 32]
[cat_l2: 10]
[cat_smooth: 10]
[max_cat_to_onehot: 4]
[top_k: 20]
[monotone_constraints: ]
[monotone_constraints_method: basic]
[monotone_penalty: 0]
[feature_contri: ]
[forcedsplits_filename: ]
[refit_decay_rate: 0.9]
[cegb_tradeoff: 1]
[cegb_penalty_split: 0]
[cegb_penalty_feature_lazy: ]
[cegb_penalty_feature_coupled: ]
[path_smooth: 0]
[interaction_constraints: ]
[verbosity: -1]
[saved_feature_importance_type: 0]
[use_quantized_grad: 0]
[num_grad_quant_bins: 4]
[quant_train_renew_leaf: 0]
[stochastic_rounding: 1]
[linear_tree: 0]
[max_bin: 255]
[max_bin_by_feature: ]
[min_data_in_bin: 3]
[bin_construct_sample_cnt: 200000]
[data_random_seed: 38]
[is_enable_sparse: 1]
[enable_bundle: 1]
[use_missing: 1]
[zero_as_missing: 0]
[feature_pre_filter: 1]
[pre_partition: 0]
[two_round: 0]
[header: 0]
[label_column: ]
[weight_column: ]
[group_column: ]
[ignore_column: ]
[categorical_feature: ]
[forcedbins_filename: ]
[precise_float_parser: 0]
[parser_config_file: ]
[objective_seed: 8855]
[num_class: 1]
[is_unbalance: 0]
[scale_pos_weight: 1]
[sigmoid: 1]
[boost_from_average: 1]
[reg_sqrt: 0]
[alpha: 0.9]
[fair_c: 1]
[poisson_max_delta_step: 0.7]
[tweedie_variance_power: 1.5]
[lambdarank_truncation_level: 30]
[lambdarank_norm: 1]
[label_gain: ]
[lambdarank_position_bias_regularization: 0]
[eval_at: ]
[multi_error_top_k: 1]
[auc_mu_weights: ]
[num_machines: 1]
[local_listen_port: 12400]
[time_out: 120]
[machine_list_filename: ]
[machines: ]
[gpu_platform_id: -1]
[gpu_device_id: -1]
[gpu_device_id_list: ]
[gpu_use_dp: 0]
[num_gpu: 1]

end of parameters

pandas_categorical:null
